    unsorted:	 171.3472991 171.3472991 171.3469983 171.3509954 171.4045747 171.2402577 171.5707141 171.6622785 174.8153525 175.6950469 177.0385700 177.4872835 179.5533384 181.7037448 180.6613063 182.5445379 183.1850017 168.2845847 185.6942750 188.2056544 187.4152065 189.1338771 164.0711164 163.6131727 194.5536875 196.6192211 197.5057285 159.1391685 158.1821624 201.4962551 204.4218476 206.2517735 209.4612317 209.1326829 210.9465101 216.1964272 216.7026816 217.6164760 219.4382211 153.0125312 151.5021098 148.0391374 146.7456537 223.4239267 142.8153676 142.3314914 142.3068959 225.0558369 138.2240881 230.6222560 229.5951365 135.1541462 132.7535882 238.0850229 128.9487613 242.2853836 123.3500056 250.4544252 115.8139546 257.0630769 265.3333952 277.6182225 91.39814203 288.6406179 301.6981292 320.5162755 364.7914790 384.8459379 435.3297860 464.3442918 493.7824138 541.7368383 586.8834985 759.4530659 819.5474793 850.4334000 1174.799270 1241.450009 1580.243107 2277.558051 7403.069852 10968.74930 17077.14705 23855.93317 33792.18153 37591.63707 54550.36757 57893.22219 1710925.025 1968374.284
      sorted:	 91.39814203 115.8139546 123.3500056 128.9487613 132.7535882 135.1541462 138.2240881 142.3068959 142.3314914 142.8153676 146.7456537 148.0391374 151.5021098 153.0125312 158.1821624 159.1391685 163.6131727 164.0711164 168.2845847 171.2402577 171.3469983 171.3472991 171.3472991 171.3509954 171.4045747 171.5707141 171.6622785 174.8153525 175.6950469 177.0385700 177.4872835 179.5533384 180.6613063 181.7037448 182.5445379 183.1850017 185.6942750 187.4152065 188.2056544 189.1338771 194.5536875 196.6192211 197.5057285 201.4962551 204.4218476 206.2517735 209.1326829 209.4612317 210.9465101 216.1964272 216.7026816 217.6164760 219.4382211 223.4239267 225.0558369 229.5951365 230.6222560 238.0850229 242.2853836 250.4544252 257.0630769 265.3333952 277.6182225 288.6406179 301.6981292 320.5162755 364.7914790 384.8459379 435.3297860 464.3442918 493.7824138 541.7368383 586.8834985 759.4530659 819.5474793 850.4334000 1174.799270 1241.450009 1580.243107 2277.558051 7403.069852 10968.74930 17077.14705 23855.93317 33792.18153 37591.63707 54550.36757 57893.22219 1710925.025 1968374.284
